"Robot"
"root"
0
1.027778, 75.644722, 0.000000
"pelvis"
1
-0.250011, 15.250000, -0.000005
"body"
2
0.500099, 43.749992, 0.000003
"left_shoulder"
3
46.000000, 0.000000, -0.009992
"left_elbow"
4
34.250019, -0.499817, -0.004262
"left_wrist"
5
55.250008, -0.999710, 0.003968
"right_shoulder"
3
-44.500023, 0.500000, -0.000021
"right_elbow"
7
-33.999996, 0.250229, -0.000194
"right_wrist"
8
-60.000381, -1.750183, 0.007156
"neck"
3
0.249983, 36.625015, 25.999998
"left_hip"
1
19.500000, -7.724991, 0.000000
"left_knee"
11
0.000006, -22.200001, 0.000000
"left_ankle"
12
-0.800152, -36.399994, -0.000098
"right_hip"
1
-19.500000, -7.724991, 0.000000
"right_knee"
14
0.000006, -22.000000, 0.000000
"right_ankle"
15
0.199911, -36.799995, 0.000039